%!PS-Adobe-3.0 EPSF-3.0
%%Creator: MATLAB, The MathWorks, Inc. Version 8.0.0.783 (R2012b). Operating System: Linux 3.11.0-18-generic #32-Ubuntu SMP Tue Feb 18 21:11:14 UTC 2014 x86_64.
%%Title: ./fig_Kmeans_with_random_initialization.eps
%%CreationDate: 05/30/2014  17:12:04
%%DocumentNeededFonts: Helvetica
%%DocumentProcessColors: Cyan Magenta Yellow Black
%%LanguageLevel: 2
%%Pages: 1
%%BoundingBox:    60   199   546   602
%%EndComments

%%BeginProlog
% MathWorks dictionary
/MathWorks 160 dict begin
% definition operators
/bdef {bind def} bind def
/ldef {load def} bind def
/xdef {exch def} bdef
/xstore {exch store} bdef
% operator abbreviations
/c  /clip ldef
/cc /concat ldef
/cp /closepath ldef
/gr /grestore ldef
/gs /gsave ldef
/mt /moveto ldef
/np /newpath ldef
/cm /currentmatrix ldef
/sm /setmatrix ldef
/rm /rmoveto ldef
/rl /rlineto ldef
/s {show newpath} bdef
/sc {setcmykcolor} bdef
/sr /setrgbcolor ldef
/sg /setgray ldef
/w /setlinewidth ldef
/j /setlinejoin ldef
/cap /setlinecap ldef
/rc {rectclip} bdef
/rf {rectfill} bdef
% page state control
/pgsv () def
/bpage {/pgsv save def} bdef
/epage {pgsv restore} bdef
/bplot /gsave ldef
/eplot {stroke grestore} bdef
% orientation switch
/portraitMode 0 def /landscapeMode 1 def /rotateMode 2 def
% coordinate system mappings
/dpi2point 0 def
% font control
/FontSize 0 def
/FMS {/FontSize xstore findfont [FontSize 0 0 FontSize neg 0 0]
  makefont setfont} bdef
/reencode {exch dup where {pop load} {pop StandardEncoding} ifelse
  exch dup 3 1 roll findfont dup length dict begin
  { 1 index /FID ne {def}{pop pop} ifelse } forall
  /Encoding exch def currentdict end definefont pop} bdef
/isroman {findfont /CharStrings get /Agrave known} bdef
/FMSR {3 1 roll 1 index dup isroman {reencode} {pop pop} ifelse
  exch FMS} bdef
/csm {1 dpi2point div -1 dpi2point div scale neg translate
 dup landscapeMode eq {pop -90 rotate}
  {rotateMode eq {90 rotate} if} ifelse} bdef
% line types: solid, dotted, dashed, dotdash
/SO { [] 0 setdash } bdef
/DO { [.5 dpi2point mul 4 dpi2point mul] 0 setdash } bdef
/DA { [6 dpi2point mul] 0 setdash } bdef
/DD { [.5 dpi2point mul 4 dpi2point mul 6 dpi2point mul 4
  dpi2point mul] 0 setdash } bdef
% macros for lines and objects
/L {lineto stroke} bdef
/MP {3 1 roll moveto 1 sub {rlineto} repeat} bdef
/AP {{rlineto} repeat} bdef
/PDlw -1 def
/W {/PDlw currentlinewidth def setlinewidth} def
/PP {closepath eofill} bdef
/DP {closepath stroke} bdef
/MR {4 -2 roll moveto dup  0 exch rlineto exch 0 rlineto
  neg 0 exch rlineto closepath} bdef
/FR {MR stroke} bdef
/PR {MR fill} bdef
/L1i {{currentfile picstr readhexstring pop} image} bdef
/tMatrix matrix def
/MakeOval {newpath tMatrix currentmatrix pop translate scale
0 0 1 0 360 arc tMatrix setmatrix} bdef
/FO {MakeOval stroke} bdef
/PO {MakeOval fill} bdef
/PD {currentlinewidth 2 div 0 360 arc fill
   PDlw -1 eq not {PDlw w /PDlw -1 def} if} def
/FA {newpath tMatrix currentmatrix pop translate scale
  0 0 1 5 -2 roll arc tMatrix setmatrix stroke} bdef
/PA {newpath tMatrix currentmatrix pop	translate 0 0 moveto scale
  0 0 1 5 -2 roll arc closepath tMatrix setmatrix fill} bdef
/FAn {newpath tMatrix currentmatrix pop translate scale
  0 0 1 5 -2 roll arcn tMatrix setmatrix stroke} bdef
/PAn {newpath tMatrix currentmatrix pop translate 0 0 moveto scale
  0 0 1 5 -2 roll arcn closepath tMatrix setmatrix fill} bdef
/vradius 0 def /hradius 0 def /lry 0 def
/lrx 0 def /uly 0 def /ulx 0 def /rad 0 def
/MRR {/vradius xdef /hradius xdef /lry xdef /lrx xdef /uly xdef
  /ulx xdef newpath tMatrix currentmatrix pop ulx hradius add uly
  vradius add translate hradius vradius scale 0 0 1 180 270 arc 
  tMatrix setmatrix lrx hradius sub uly vradius add translate
  hradius vradius scale 0 0 1 270 360 arc tMatrix setmatrix
  lrx hradius sub lry vradius sub translate hradius vradius scale
  0 0 1 0 90 arc tMatrix setmatrix ulx hradius add lry vradius sub
  translate hradius vradius scale 0 0 1 90 180 arc tMatrix setmatrix
  closepath} bdef
/FRR {MRR stroke } bdef
/PRR {MRR fill } bdef
/MlrRR {/lry xdef /lrx xdef /uly xdef /ulx xdef /rad lry uly sub 2 div def
  newpath tMatrix currentmatrix pop ulx rad add uly rad add translate
  rad rad scale 0 0 1 90 270 arc tMatrix setmatrix lrx rad sub lry rad
  sub translate rad rad scale 0 0 1 270 90 arc tMatrix setmatrix
  closepath} bdef
/FlrRR {MlrRR stroke } bdef
/PlrRR {MlrRR fill } bdef
/MtbRR {/lry xdef /lrx xdef /uly xdef /ulx xdef /rad lrx ulx sub 2 div def
  newpath tMatrix currentmatrix pop ulx rad add uly rad add translate
  rad rad scale 0 0 1 180 360 arc tMatrix setmatrix lrx rad sub lry rad
  sub translate rad rad scale 0 0 1 0 180 arc tMatrix setmatrix
  closepath} bdef
/FtbRR {MtbRR stroke } bdef
/PtbRR {MtbRR fill } bdef
/stri 6 array def /dtri 6 array def
/smat 6 array def /dmat 6 array def
/tmat1 6 array def /tmat2 6 array def /dif 3 array def
/asub {/ind2 exch def /ind1 exch def dup dup
  ind1 get exch ind2 get sub exch } bdef
/tri_to_matrix {
  2 0 asub 3 1 asub 4 0 asub 5 1 asub
  dup 0 get exch 1 get 7 -1 roll astore } bdef
/compute_transform {
  dmat dtri tri_to_matrix tmat1 invertmatrix 
  smat stri tri_to_matrix tmat2 concatmatrix } bdef
/ds {stri astore pop} bdef
/dt {dtri astore pop} bdef
/db {2 copy /cols xdef /rows xdef mul dup 3 mul string
  currentfile 
  3 index 0 eq {/ASCIIHexDecode filter}
  {/ASCII85Decode filter 3 index 2 eq {/RunLengthDecode filter} if }
  ifelse exch readstring pop
  dup 0 3 index getinterval /rbmap xdef
  dup 2 index dup getinterval /gbmap xdef
  1 index dup 2 mul exch getinterval /bbmap xdef pop pop}bdef
/it {gs np dtri aload pop moveto lineto lineto cp c
  cols rows 8 compute_transform 
  rbmap gbmap bbmap true 3 colorimage gr}bdef
/il {newpath moveto lineto stroke}bdef
currentdict end def
%%EndProlog

%%BeginSetup
MathWorks begin

0 cap

end
%%EndSetup

%%Page: 1 1
%%BeginPageSetup
%%PageBoundingBox:    60   199   546   602
MathWorks begin
bpage
%%EndPageSetup

%%BeginObject: obj1
bplot

/dpi2point 12 def
portraitMode 0216 7344 csm

  510   110  5835  4845 rc
86 dict begin %Colortable dictionary
/c0 { 0.000000 0.000000 0.000000 sr} bdef
/c1 { 1.000000 1.000000 1.000000 sr} bdef
/c2 { 0.900000 0.000000 0.000000 sr} bdef
/c3 { 0.000000 0.820000 0.000000 sr} bdef
/c4 { 0.000000 0.000000 0.800000 sr} bdef
/c5 { 0.910000 0.820000 0.320000 sr} bdef
/c6 { 1.000000 0.260000 0.820000 sr} bdef
/c7 { 0.000000 0.820000 0.820000 sr} bdef
c0
1 j
1 sg
   0    0 6913 5186 rf
6 w
0 4226 5356 0 0 -4226 899 4615 4 MP
PP
-5356 0 0 4226 5356 0 0 -4226 899 4615 5 MP stroke
4 w
DO
SO
6 w
0 sg
 899 4615 mt 6255 4615 L
 899  389 mt 6255  389 L
 899 4615 mt  899  389 L
6255 4615 mt 6255  389 L
 899 4615 mt 6255 4615 L
 899 4615 mt  899  389 L
 899 4615 mt  899 4561 L
 899  389 mt  899  442 L
%%IncludeResource: font Helvetica
/Helvetica /ISOLatin1Encoding 120 FMSR

 796 4760 mt 
(-2) s
1568 4615 mt 1568 4561 L
1568  389 mt 1568  442 L
1415 4760 mt 
(-1.5) s
2238 4615 mt 2238 4561 L
2238  389 mt 2238  442 L
2135 4760 mt 
(-1) s
2907 4615 mt 2907 4561 L
2907  389 mt 2907  442 L
2754 4760 mt 
(-0.5) s
3577 4615 mt 3577 4561 L
3577  389 mt 3577  442 L
3544 4760 mt 
(0) s
4246 4615 mt 4246 4561 L
4246  389 mt 4246  442 L
4163 4760 mt 
(0.5) s
4916 4615 mt 4916 4561 L
4916  389 mt 4916  442 L
4883 4760 mt 
(1) s
5585 4615 mt 5585 4561 L
5585  389 mt 5585  442 L
5502 4760 mt 
(1.5) s
6255 4615 mt 6255 4561 L
6255  389 mt 6255  442 L
6222 4760 mt 
(2) s
 899 4615 mt  952 4615 L
6255 4615 mt 6201 4615 L
 728 4659 mt 
(-4) s
 899 4086 mt  952 4086 L
6255 4086 mt 6201 4086 L
 728 4130 mt 
(-3) s
 899 3558 mt  952 3558 L
6255 3558 mt 6201 3558 L
 728 3602 mt 
(-2) s
 899 3030 mt  952 3030 L
6255 3030 mt 6201 3030 L
 728 3074 mt 
(-1) s
 899 2502 mt  952 2502 L
6255 2502 mt 6201 2502 L
 798 2546 mt 
(0) s
 899 1973 mt  952 1973 L
6255 1973 mt 6201 1973 L
 798 2017 mt 
(1) s
 899 1445 mt  952 1445 L
6255 1445 mt 6201 1445 L
 798 1489 mt 
(2) s
 899  917 mt  952  917 L
6255  917 mt 6201  917 L
 798  961 mt 
(3) s
 899  389 mt  952  389 L
6255  389 mt 6201  389 L
 798  433 mt 
(4) s
 899 4615 mt 6255 4615 L
 899  389 mt 6255  389 L
 899 4615 mt  899  389 L
6255 4615 mt 6255  389 L
gs 899 389 5357 4227 rc
gs 1004 837 4970 3487 rc
/c8 { 0.000000 0.000000 1.000000 sr} bdef
c8
  36   36 1174 3173 FO
  36   36 2983 1812 FO
  36   36 1911 2388 FO
  36   36 3397 2760 FO
  36   36 2495 2890 FO
  36   36 2316 2875 FO
  36   36 2836 1716 FO
  36   36 2216 2336 FO
  36   36 2916 3532 FO
  36   36 2065 2176 FO
  36   36 2778 2860 FO
  36   36 2586 2105 FO
  36   36 2052 3205 FO
  36   36 2246 2873 FO
  36   36 2317 2237 FO
  36   36 2829 2737 FO
  36   36 2988 2546 FO
  36   36 2511 2208 FO
  36   36 2350 2315 FO
  36   36 2252 2023 FO
  36   36 2984 2316 FO
  36   36 3410 2240 FO
  36   36 2070 2340 FO
  36   36 2727 1870 FO
  36   36 1265 2606 FO
  36   36 2176 3004 FO
  36   36 1846 1914 FO
  36   36 2452 2145 FO
  36   36 2912 2613 FO
  36   36 2019 2700 FO
  36   36 3021 2654 FO
  36   36 2634 1879 FO
  36   36 2684 2097 FO
  36   36 1485 3273 FO
  36   36 2632 2484 FO
  36   36 2734 2030 FO
  36   36 2503 2050 FO
  36   36 1741 2783 FO
  36   36 1650 1743 FO
  36   36 1700 2373 FO
  36   36 2744 2583 FO
  36   36 2832 2496 FO
  36   36 2752 3222 FO
  36   36 2331 2840 FO
  36   36 3153 1936 FO
  36   36 2830 2987 FO
  36   36 1797 1991 FO
  36   36 1639 2962 FO
  36   36 2426 2911 FO
  36   36 2696 2751 FO
  36   36 2774 1896 FO
  36   36 1330 2571 FO
  36   36 3187 2532 FO
  36   36 2081 2368 FO
  36   36 1961 2178 FO
  36   36 1853 2506 FO
  36   36 2067 2390 FO
  36   36 2402 2508 FO
  36   36 1659 1721 FO
  36   36 3155 2048 FO
  36   36 3247 2488 FO
  36   36 1770 1627 FO
  36   36 2425 2587 FO
  36   36 2183 1339 FO
  36   36 1889 2716 FO
  36   36 2718 2427 FO
  36   36 2041 2413 FO
  36   36 1753 2285 FO
  36   36 2033 2309 FO
  36   36 1768 2352 FO
  36   36 1901 1122 FO
  36   36 2065 1662 FO
  36   36 2522 3278 FO
  36   36 2685 1714 FO
  36   36 2535 2133 FO
  36   36 2532 2321 FO
  36   36 2511 2430 FO
  36   36 2376 2084 FO
  36   36 1863 2216 FO
  36   36 1332 2770 FO
  36   36 2027 3046 FO
  36   36 1591 2552 FO
  36   36 2336 2552 FO
  36   36 2013 2322 FO
  36   36 2081 3613 FO
  36   36 2021 3208 FO
  36   36 2352 2053 FO
  36   36 2291 2117 FO
  36   36 2523 2398 FO
  36   36 2478 1857 FO
  36   36 3107 2366 FO
  36   36 1413 1897 FO
  36   36 2535 2150 FO
  36   36 1881 2519 FO
  36   36 2756 2643 FO
  36   36 2512 2705 FO
  36   36 2488 1825 FO
  36   36 2292 1773 FO
  36   36 2538 2850 FO
  36   36 2765 2911 FO
  36   36 1778 2294 FO
  36   36 2267 1446 FO
  36   36 2085 2990 FO
  36   36 2777 1978 FO
  36   36 3358 2679 FO
  36   36 2440 2315 FO
  36   36 2070 2303 FO
  36   36 2804 2478 FO
  36   36 1351 2270 FO
  36   36 1190 2591 FO
  36   36 2171 2418 FO
  36   36 2206 2684 FO
  36   36 2677 2811 FO
  36   36 2436 2031 FO
  36   36 2248 2571 FO
  36   36 2529 2838 FO
  36   36 1626 2585 FO
  36   36 2160 2774 FO
  36   36 2981 3010 FO
  36   36 1571 2545 FO
  36   36 2260 2416 FO
  36   36 2124 2096 FO
  36   36 2373 2228 FO
  36   36 2520 2505 FO
  36   36 3047 2106 FO
  36   36 2176 2390 FO
  36   36 2355 2187 FO
  36   36 2172 1987 FO
  36   36 3177 3523 FO
  36   36 1851 3699 FO
  36   36 3099 3013 FO
  36   36 2385 2775 FO
  36   36 1819 2661 FO
  36   36 2540 2431 FO
  36   36 2370 2616 FO
  36   36 1077 2088 FO
  36   36 2416 2777 FO
  36   36 2469 2760 FO
  36   36 3001 2467 FO
  36   36 2421 2237 FO
  36   36 1521 2665 FO
  36   36 2009 3358 FO
  36   36 2831 2429 FO
  36   36 2716 2503 FO
  36   36 1952 2358 FO
  36   36 2231 2881 FO
  36   36 2720 2420 FO
  36   36 2369 2149 FO
  36   36 2085 3023 FO
  36   36 2684 1703 FO
  36   36 2470 2330 FO
  36   36 2486 2302 FO
  36   36 2756 2026 FO
  36   36 1633 2397 FO
  36   36 2465 1833 FO
  36   36 2619 2096 FO
  36   36 2501 2139 FO
  36   36 1399 1775 FO
  36   36 2144 3182 FO
  36   36 2445 3190 FO
  36   36 1678 2091 FO
  36   36 2394 3433 FO
  36   36 2554 2563 FO
  36   36 2792 3214 FO
  36   36 2627 2238 FO
  36   36 3090 2588 FO
  36   36 2787 2585 FO
  36   36 2357 2578 FO
  36   36 3287 2487 FO
  36   36 1609 2633 FO
  36   36 2254 3250 FO
  36   36 1814 1817 FO
  36   36 2300 2045 FO
  36   36 2308 3695 FO
  36   36 2249 1443 FO
  36   36 1617 3054 FO
  36   36 3364 2965 FO
  36   36 2735 2403 FO
  36   36 2527 3199 FO
  36   36 2651 3110 FO
  36   36 2839 2232 FO
  36   36 2067 1428 FO
  36   36 3003 3178 FO
  36   36 4062 2303 FO
  36   36 2984 3009 FO
  36   36 1516 2338 FO
  36   36 2038 2746 FO
  36   36 2614 2449 FO
  36   36 2355 2891 FO
  36   36 2655 2627 FO
  36   36 2903 2165 FO
  36   36 2450 2489 FO
  36   36 3123 2639 FO
  36   36 1343 1360 FO
  36   36 1463 2665 FO
  36   36 1643 2924 FO
  36   36 1077 2836 FO
  36   36 2040 3073 FO
  36   36 1818 1477 FO
  36   36 1987 3187 FO
  36   36 4719 1938 FO
  36   36 5049 2194 FO
  36   36 3986 2869 FO
  36   36 5035 2665 FO
  36   36 4474 2002 FO
  36   36 5015 2181 FO
  36   36 4397 1905 FO
  36   36 4368 2414 FO
  36   36 3979 1891 FO
  36   36 4799 2938 FO
  36   36 5418 1463 FO
  36   36 4648 1870 FO
  36   36 4099 3421 FO
  36   36 4758 3363 FO
  36   36 4471 2389 FO
  36   36 5356 3053 FO
  36   36 5038 2120 FO
  36   36 4577 2992 FO
  36   36 4091 1611 FO
  36   36 4135 2138 FO
  36   36 3919 2459 FO
  36   36 4743 2029 FO
  36   36 5021 2973 FO
  36   36 4593 1861 FO
  36   36 4366 2298 FO
  36   36 4999 2987 FO
  36   36 4890 3358 FO
  36   36 4134 2277 FO
  36   36 5019 2746 FO
  36   36 5384 3137 FO
  36   36 4399 2212 FO
  36   36 4657 1503 FO
  36   36 5513 2396 FO
  36   36 4017 2962 FO
  36   36 4847 1872 FO
  36   36 5685 2428 FO
  36   36 4587 2253 FO
  36   36 5063 3205 FO
  36   36 5433 2268 FO
  36   36 5164 2901 FO
  36   36 4772 2724 FO
  36   36 4745 1999 FO
  36   36 4466 2966 FO
  36   36 4507 3070 FO
  36   36 4590 2645 FO
  36   36 4600 3304 FO
  36   36 4643 3167 FO
  36   36 4670 1821 FO
  36   36 4638 3033 FO
  36   36 5275 2119 FO
  36   36 5399 3290 FO
  36   36 4233 1298 FO
  36   36 4745 2161 FO
  36   36 5112 2567 FO
  36   36 5260 3020 FO
  36   36 4519 2398 FO
  36   36 5353 2533 FO
  36   36 4759 2735 FO
  36   36 5340 2358 FO
  36   36 4867 2764 FO
  36   36 4929 3776 FO
  36   36 4415 1864 FO
  36   36 4733 2926 FO
  36   36 5091 3034 FO
  36   36 5619 3358 FO
  36   36 4643 3007 FO
  36   36 5499 2314 FO
  36   36 5143 2509 FO
  36   36 4929 2247 FO
  36   36 5528 3110 FO
  36   36 4961 1324 FO
  36   36 4550 3163 FO
  36   36 4835 3019 FO
  36   36 5775 2685 FO
  36   36 4895 2255 FO
  36   36 5579  910 FO
  36   36 5199 2002 FO
  36   36 5219 2251 FO
  36   36 5148 2735 FO
  36   36 4444  943 FO
  36   36 4338 3686 FO
  36   36 4058 3665 FO
  36   36 5656 2349 FO
  36   36 5097 2000 FO
  36   36 5034 2871 FO
  36   36 5532 2154 FO
  36   36 4712 2844 FO
  36   36 5083 2344 FO
  36   36 4993 3026 FO
  36   36 4837 1940 FO
  36   36 4483 2642 FO
  36   36 4454 2745 FO
  36   36 4638 1669 FO
  36   36 5596 3278 FO
  36   36 4362 2465 FO
  36   36 4653 2173 FO
  36   36 5073 2736 FO
  36   36 3916 2450 FO
  36   36 3892 2424 FO
  36   36 5748 1538 FO
  36   36 4367 2483 FO
  36   36 4991 2110 FO
  36   36 4962 2806 FO
  36   36 5361 1970 FO
  36   36 4751 3219 FO
  36   36 4968 2155 FO
  36   36 5029 3336 FO
  36   36 5014 2772 FO
  36   36 4894 2911 FO
  36   36 5181 1928 FO
  36   36 4688 1830 FO
  36   36 5217 2114 FO
  36   36 5487 2090 FO
  36   36 4436 2264 FO
  36   36 4378 2342 FO
  36   36 4702 2443 FO
  36   36 4403 2470 FO
  36   36 5465 2651 FO
  36   36 5112 3092 FO
  36   36 4574 3443 FO
  36   36 4308 3162 FO
  36   36 5087 2913 FO
  36   36 5441 1647 FO
  36   36 4961 1891 FO
  36   36 4734 2305 FO
  36   36 4332 2002 FO
  36   36 4661 3112 FO
  36   36 4848 2936 FO
  36   36 4975 4250 FO
  36   36 5020 3366 FO
  36   36 5433 2224 FO
  36   36 5152 2181 FO
  36   36 4757 2988 FO
  36   36 4610 2521 FO
  36   36 4705 2602 FO
  36   36 4536 2450 FO
  36   36 4119 2664 FO
  36   36 5134 2189 FO
  36   36 3673 2326 FO
  36   36 4674 1639 FO
  36   36 5128 2285 FO
  36   36 5405 3321 FO
  36   36 5221 1476 FO
  36   36 5695 2320 FO
  36   36 3824 2311 FO
  36   36 4476 2153 FO
  36   36 4304 2304 FO
  36   36 4370 2177 FO
  36   36 4859 3160 FO
  36   36 4320 2019 FO
  36   36 4119 2683 FO
  36   36 5579 2548 FO
  36   36 4671 3655 FO
  36   36 5139 2661 FO
  36   36 5751 2816 FO
  36   36 4926 3437 FO
  36   36 4024 2359 FO
  36   36 5046 2623 FO
  36   36 4828 1302 FO
  36   36 4245 2782 FO
  36   36 4477 2488 FO
  36   36 4953 2532 FO
  36   36 4982 2879 FO
  36   36 5049 1956 FO
  36   36 4371 2482 FO
  36   36 5055 1486 FO
  36   36 4971 2880 FO
  36   36 4727 3411 FO
  36   36 4033 1740 FO
  36   36 5283 3186 FO
  36   36 5850 2109 FO
  36   36 4408 3009 FO
  36   36 4093 3186 FO
  36   36 5216 2793 FO
  36   36 4490 3250 FO
  36   36 4759 2593 FO
  36   36 5828 2422 FO
  36   36 5900 3264 FO
  36   36 5197 2369 FO
  36   36 5636 2890 FO
  36   36 4467 3325 FO
  36   36 4047 2908 FO
  36   36 5344 1423 FO
  36   36 4930 2380 FO
  36   36 4055 2281 FO
  36   36 4680 2163 FO
  36   36 4643 3274 FO
  36   36 4336 3110 FO
  36   36 5602 2618 FO
  36   36 4373 3115 FO
  36   36 3688 2452 FO
  36   36 4902 3001 FO
  36   36 4354 2792 FO
  36   36 4478 1939 FO
  36   36 5235 2193 FO
  36   36 4770 3076 FO
  36   36 4362 2720 FO
  36   36 4972 2124 FO
  36   36 4418 1973 FO
  36   36 4900 3026 FO
gr

c8
gs 2254 2396 2634 212 rc
/c9 { 0.000000 1.000000 1.000000 sr} bdef
c9
4778 2534 mt 4850 2534 L
4814 2498 mt 4814 2570 L
2291 2469 mt 2363 2469 L
2327 2433 mt 2327 2505 L
4789 2509 mt 4839 2559 L
4839 2509 mt 4789 2559 L
2302 2444 mt 2352 2494 L
2352 2444 mt 2302 2494 L
gr

c9
gs 2254 2396 2634 212 rc
4778 2534 mt 4850 2534 L
4814 2498 mt 4814 2570 L
2291 2469 mt 2363 2469 L
2327 2433 mt 2327 2505 L
4789 2509 mt 4839 2559 L
4839 2509 mt 4789 2559 L
2302 2444 mt 2352 2494 L
2352 2444 mt 2302 2494 L
gr

gs 2254 2396 2634 212 rc
4778 2534 mt 4850 2534 L
4814 2498 mt 4814 2570 L
2291 2469 mt 2363 2469 L
2327 2433 mt 2327 2505 L
4789 2509 mt 4839 2559 L
4839 2509 mt 4789 2559 L
2302 2444 mt 2352 2494 L
2352 2444 mt 2302 2494 L
gr

gs 2254 2396 2634 212 rc
2291 2469 mt 2363 2469 L
2327 2433 mt 2327 2505 L
4778 2534 mt 4850 2534 L
4814 2498 mt 4814 2570 L
2302 2444 mt 2352 2494 L
2352 2444 mt 2302 2494 L
4789 2509 mt 4839 2559 L
4839 2509 mt 4789 2559 L
gr

gs 2254 2396 2634 212 rc
4778 2534 mt 4850 2534 L
4814 2498 mt 4814 2570 L
2291 2469 mt 2363 2469 L
2327 2433 mt 2327 2505 L
4789 2509 mt 4839 2559 L
4839 2509 mt 4789 2559 L
2302 2444 mt 2352 2494 L
2352 2444 mt 2302 2494 L
gr

gs 2254 2396 2634 212 rc
2291 2469 mt 2363 2469 L
2327 2433 mt 2327 2505 L
4778 2534 mt 4850 2534 L
4814 2498 mt 4814 2570 L
2302 2444 mt 2352 2494 L
2352 2444 mt 2302 2494 L
4789 2509 mt 4839 2559 L
4839 2509 mt 4789 2559 L
gr

gs 2254 2396 2634 212 rc
2291 2469 mt 2363 2469 L
2327 2433 mt 2327 2505 L
4778 2534 mt 4850 2534 L
4814 2498 mt 4814 2570 L
2302 2444 mt 2352 2494 L
2352 2444 mt 2302 2494 L
4789 2509 mt 4839 2559 L
4839 2509 mt 4789 2559 L
gr

gs 2254 2396 2634 212 rc
2291 2469 mt 2363 2469 L
2327 2433 mt 2327 2505 L
4778 2534 mt 4850 2534 L
4814 2498 mt 4814 2570 L
2302 2444 mt 2352 2494 L
2352 2444 mt 2302 2494 L
4789 2509 mt 4839 2559 L
4839 2509 mt 4789 2559 L
gr

gs 2254 2396 2634 212 rc
4778 2534 mt 4850 2534 L
4814 2498 mt 4814 2570 L
2291 2469 mt 2363 2469 L
2327 2433 mt 2327 2505 L
4789 2509 mt 4839 2559 L
4839 2509 mt 4789 2559 L
2302 2444 mt 2352 2494 L
2352 2444 mt 2302 2494 L
gr

gs 2254 2396 2634 212 rc
2291 2469 mt 2363 2469 L
2327 2433 mt 2327 2505 L
4778 2534 mt 4850 2534 L
4814 2498 mt 4814 2570 L
2302 2444 mt 2352 2494 L
2352 2444 mt 2302 2494 L
4789 2509 mt 4839 2559 L
4839 2509 mt 4789 2559 L
gr

gs 2254 2396 2634 212 rc
2291 2469 mt 2363 2469 L
2327 2433 mt 2327 2505 L
4778 2534 mt 4850 2534 L
4814 2498 mt 4814 2570 L
2302 2444 mt 2352 2494 L
2352 2444 mt 2302 2494 L
4789 2509 mt 4839 2559 L
4839 2509 mt 4789 2559 L
gr

gs 2254 2396 2634 212 rc
4778 2534 mt 4850 2534 L
4814 2498 mt 4814 2570 L
2291 2469 mt 2363 2469 L
2327 2433 mt 2327 2505 L
4789 2509 mt 4839 2559 L
4839 2509 mt 4789 2559 L
2302 2444 mt 2352 2494 L
2352 2444 mt 2302 2494 L
gr

gs 2254 2396 2634 212 rc
2291 2469 mt 2363 2469 L
2327 2433 mt 2327 2505 L
4778 2534 mt 4850 2534 L
4814 2498 mt 4814 2570 L
2302 2444 mt 2352 2494 L
2352 2444 mt 2302 2494 L
4789 2509 mt 4839 2559 L
4839 2509 mt 4789 2559 L
gr

gs 2254 2396 2634 212 rc
2291 2469 mt 2363 2469 L
2327 2433 mt 2327 2505 L
4778 2534 mt 4850 2534 L
4814 2498 mt 4814 2570 L
2302 2444 mt 2352 2494 L
2352 2444 mt 2302 2494 L
4789 2509 mt 4839 2559 L
4839 2509 mt 4789 2559 L
gr

gs 2254 2396 2634 212 rc
2291 2469 mt 2363 2469 L
2327 2433 mt 2327 2505 L
4778 2534 mt 4850 2534 L
4814 2498 mt 4814 2570 L
2302 2444 mt 2352 2494 L
2352 2444 mt 2302 2494 L
4789 2509 mt 4839 2559 L
4839 2509 mt 4789 2559 L
gr

gs 2254 2396 2634 212 rc
2291 2469 mt 2363 2469 L
2327 2433 mt 2327 2505 L
4778 2534 mt 4850 2534 L
4814 2498 mt 4814 2570 L
2302 2444 mt 2352 2494 L
2352 2444 mt 2302 2494 L
4789 2509 mt 4839 2559 L
4839 2509 mt 4789 2559 L
gr

gs 2254 2396 2634 212 rc
4778 2534 mt 4850 2534 L
4814 2498 mt 4814 2570 L
2291 2469 mt 2363 2469 L
2327 2433 mt 2327 2505 L
4789 2509 mt 4839 2559 L
4839 2509 mt 4789 2559 L
2302 2444 mt 2352 2494 L
2352 2444 mt 2302 2494 L
gr

gs 2254 2396 2634 212 rc
2291 2469 mt 2363 2469 L
2327 2433 mt 2327 2505 L
4778 2534 mt 4850 2534 L
4814 2498 mt 4814 2570 L
2302 2444 mt 2352 2494 L
2352 2444 mt 2302 2494 L
4789 2509 mt 4839 2559 L
4839 2509 mt 4789 2559 L
gr

gs 2254 2396 2634 212 rc
4778 2534 mt 4850 2534 L
4814 2498 mt 4814 2570 L
2291 2469 mt 2363 2469 L
2327 2433 mt 2327 2505 L
4789 2509 mt 4839 2559 L
4839 2509 mt 4789 2559 L
2302 2444 mt 2352 2494 L
2352 2444 mt 2302 2494 L
gr

gs 2254 2396 2634 212 rc
2291 2469 mt 2363 2469 L
2327 2433 mt 2327 2505 L
4778 2534 mt 4850 2534 L
4814 2498 mt 4814 2570 L
2302 2444 mt 2352 2494 L
2352 2444 mt 2302 2494 L
4789 2509 mt 4839 2559 L
4839 2509 mt 4789 2559 L
gr

gs 2254 2396 2634 212 rc
2291 2469 mt 2363 2469 L
2327 2433 mt 2327 2505 L
4778 2534 mt 4850 2534 L
4814 2498 mt 4814 2570 L
2302 2444 mt 2352 2494 L
2352 2444 mt 2302 2494 L
4789 2509 mt 4839 2559 L
4839 2509 mt 4789 2559 L
gr

gs 2254 2396 2634 212 rc
2291 2469 mt 2363 2469 L
2327 2433 mt 2327 2505 L
4778 2534 mt 4850 2534 L
4814 2498 mt 4814 2570 L
2302 2444 mt 2352 2494 L
2352 2444 mt 2302 2494 L
4789 2509 mt 4839 2559 L
4839 2509 mt 4789 2559 L
gr

gs 2254 2396 2634 212 rc
2291 2469 mt 2363 2469 L
2327 2433 mt 2327 2505 L
4778 2534 mt 4850 2534 L
4814 2498 mt 4814 2570 L
2302 2444 mt 2352 2494 L
2352 2444 mt 2302 2494 L
4789 2509 mt 4839 2559 L
4839 2509 mt 4789 2559 L
gr

gs 2254 2396 2634 212 rc
4778 2534 mt 4850 2534 L
4814 2498 mt 4814 2570 L
2291 2469 mt 2363 2469 L
2327 2433 mt 2327 2505 L
4789 2509 mt 4839 2559 L
4839 2509 mt 4789 2559 L
2302 2444 mt 2352 2494 L
2352 2444 mt 2302 2494 L
gr

gs 2254 2396 2634 212 rc
4778 2534 mt 4850 2534 L
4814 2498 mt 4814 2570 L
2291 2469 mt 2363 2469 L
2327 2433 mt 2327 2505 L
4789 2509 mt 4839 2559 L
4839 2509 mt 4789 2559 L
2302 2444 mt 2352 2494 L
2352 2444 mt 2302 2494 L
gr

gs 2254 2396 2634 212 rc
2291 2469 mt 2363 2469 L
2327 2433 mt 2327 2505 L
4778 2534 mt 4850 2534 L
4814 2498 mt 4814 2570 L
2302 2444 mt 2352 2494 L
2352 2444 mt 2302 2494 L
4789 2509 mt 4839 2559 L
4839 2509 mt 4789 2559 L
gr

gs 2254 2396 2634 212 rc
2291 2469 mt 2363 2469 L
2327 2433 mt 2327 2505 L
4778 2534 mt 4850 2534 L
4814 2498 mt 4814 2570 L
2302 2444 mt 2352 2494 L
2352 2444 mt 2302 2494 L
4789 2509 mt 4839 2559 L
4839 2509 mt 4789 2559 L
gr

gs 2254 2396 2634 212 rc
4778 2534 mt 4850 2534 L
4814 2498 mt 4814 2570 L
2291 2469 mt 2363 2469 L
2327 2433 mt 2327 2505 L
4789 2509 mt 4839 2559 L
4839 2509 mt 4789 2559 L
2302 2444 mt 2352 2494 L
2352 2444 mt 2302 2494 L
gr

gs 2254 2396 2634 212 rc
2291 2469 mt 2363 2469 L
2327 2433 mt 2327 2505 L
4778 2534 mt 4850 2534 L
4814 2498 mt 4814 2570 L
2302 2444 mt 2352 2494 L
2352 2444 mt 2302 2494 L
4789 2509 mt 4839 2559 L
4839 2509 mt 4789 2559 L
gr

gs 2254 2396 2634 212 rc
4778 2534 mt 4850 2534 L
4814 2498 mt 4814 2570 L
2291 2469 mt 2363 2469 L
2327 2433 mt 2327 2505 L
4789 2509 mt 4839 2559 L
4839 2509 mt 4789 2559 L
2302 2444 mt 2352 2494 L
2352 2444 mt 2302 2494 L
gr

gs 2254 2396 2634 212 rc
2291 2469 mt 2363 2469 L
2327 2433 mt 2327 2505 L
4778 2534 mt 4850 2534 L
4814 2498 mt 4814 2570 L
2302 2444 mt 2352 2494 L
2352 2444 mt 2302 2494 L
4789 2509 mt 4839 2559 L
4839 2509 mt 4789 2559 L
gr

gs 2254 2396 2634 212 rc
2291 2469 mt 2363 2469 L
2327 2433 mt 2327 2505 L
4778 2534 mt 4850 2534 L
4814 2498 mt 4814 2570 L
2302 2444 mt 2352 2494 L
2352 2444 mt 2302 2494 L
4789 2509 mt 4839 2559 L
4839 2509 mt 4789 2559 L
gr

gs 2254 2396 2634 212 rc
2291 2469 mt 2363 2469 L
2327 2433 mt 2327 2505 L
4778 2534 mt 4850 2534 L
4814 2498 mt 4814 2570 L
2302 2444 mt 2352 2494 L
2352 2444 mt 2302 2494 L
4789 2509 mt 4839 2559 L
4839 2509 mt 4789 2559 L
gr

gs 2254 2396 2634 212 rc
4778 2534 mt 4850 2534 L
4814 2498 mt 4814 2570 L
2291 2469 mt 2363 2469 L
2327 2433 mt 2327 2505 L
4789 2509 mt 4839 2559 L
4839 2509 mt 4789 2559 L
2302 2444 mt 2352 2494 L
2352 2444 mt 2302 2494 L
gr

gs 2254 2396 2634 212 rc
2291 2469 mt 2363 2469 L
2327 2433 mt 2327 2505 L
4778 2534 mt 4850 2534 L
4814 2498 mt 4814 2570 L
2302 2444 mt 2352 2494 L
2352 2444 mt 2302 2494 L
4789 2509 mt 4839 2559 L
4839 2509 mt 4789 2559 L
gr

gs 2254 2396 2634 212 rc
2291 2469 mt 2363 2469 L
2327 2433 mt 2327 2505 L
4778 2534 mt 4850 2534 L
4814 2498 mt 4814 2570 L
2302 2444 mt 2352 2494 L
2352 2444 mt 2302 2494 L
4789 2509 mt 4839 2559 L
4839 2509 mt 4789 2559 L
gr

gs 2254 2396 2634 212 rc
2291 2469 mt 2363 2469 L
2327 2433 mt 2327 2505 L
4778 2534 mt 4850 2534 L
4814 2498 mt 4814 2570 L
2302 2444 mt 2352 2494 L
2352 2444 mt 2302 2494 L
4789 2509 mt 4839 2559 L
4839 2509 mt 4789 2559 L
gr

gs 2254 2396 2634 212 rc
4778 2534 mt 4850 2534 L
4814 2498 mt 4814 2570 L
2291 2469 mt 2363 2469 L
2327 2433 mt 2327 2505 L
4789 2509 mt 4839 2559 L
4839 2509 mt 4789 2559 L
2302 2444 mt 2352 2494 L
2352 2444 mt 2302 2494 L
gr

gs 2254 2396 2634 212 rc
2291 2469 mt 2363 2469 L
2327 2433 mt 2327 2505 L
4778 2534 mt 4850 2534 L
4814 2498 mt 4814 2570 L
2302 2444 mt 2352 2494 L
2352 2444 mt 2302 2494 L
4789 2509 mt 4839 2559 L
4839 2509 mt 4789 2559 L
gr

gs 2254 2396 2634 212 rc
4778 2534 mt 4850 2534 L
4814 2498 mt 4814 2570 L
2291 2469 mt 2363 2469 L
2327 2433 mt 2327 2505 L
4789 2509 mt 4839 2559 L
4839 2509 mt 4789 2559 L
2302 2444 mt 2352 2494 L
2352 2444 mt 2302 2494 L
gr

gs 2254 2396 2634 212 rc
2291 2469 mt 2363 2469 L
2327 2433 mt 2327 2505 L
4778 2534 mt 4850 2534 L
4814 2498 mt 4814 2570 L
2302 2444 mt 2352 2494 L
2352 2444 mt 2302 2494 L
4789 2509 mt 4839 2559 L
4839 2509 mt 4789 2559 L
gr

gs 2254 2396 2634 212 rc
2291 2469 mt 2363 2469 L
2327 2433 mt 2327 2505 L
4778 2534 mt 4850 2534 L
4814 2498 mt 4814 2570 L
2302 2444 mt 2352 2494 L
2352 2444 mt 2302 2494 L
4789 2509 mt 4839 2559 L
4839 2509 mt 4789 2559 L
gr

gs 2254 2396 2634 212 rc
2291 2469 mt 2363 2469 L
2327 2433 mt 2327 2505 L
4778 2534 mt 4850 2534 L
4814 2498 mt 4814 2570 L
2302 2444 mt 2352 2494 L
2352 2444 mt 2302 2494 L
4789 2509 mt 4839 2559 L
4839 2509 mt 4789 2559 L
gr

gs 2254 2396 2634 212 rc
2291 2469 mt 2363 2469 L
2327 2433 mt 2327 2505 L
4778 2534 mt 4850 2534 L
4814 2498 mt 4814 2570 L
2302 2444 mt 2352 2494 L
2352 2444 mt 2302 2494 L
4789 2509 mt 4839 2559 L
4839 2509 mt 4789 2559 L
gr

gs 2254 2396 2634 212 rc
2291 2469 mt 2363 2469 L
2327 2433 mt 2327 2505 L
4778 2534 mt 4850 2534 L
4814 2498 mt 4814 2570 L
2302 2444 mt 2352 2494 L
2352 2444 mt 2302 2494 L
4789 2509 mt 4839 2559 L
4839 2509 mt 4789 2559 L
gr

gs 2254 2396 2634 212 rc
2291 2469 mt 2363 2469 L
2327 2433 mt 2327 2505 L
4778 2534 mt 4850 2534 L
4814 2498 mt 4814 2570 L
2302 2444 mt 2352 2494 L
2352 2444 mt 2302 2494 L
4789 2509 mt 4839 2559 L
4839 2509 mt 4789 2559 L
gr

gs 2254 2396 2634 212 rc
2291 2469 mt 2363 2469 L
2327 2433 mt 2327 2505 L
4778 2534 mt 4850 2534 L
4814 2498 mt 4814 2570 L
2302 2444 mt 2352 2494 L
2352 2444 mt 2302 2494 L
4789 2509 mt 4839 2559 L
4839 2509 mt 4789 2559 L
gr

gs 2254 2396 2634 212 rc
4778 2534 mt 4850 2534 L
4814 2498 mt 4814 2570 L
2291 2469 mt 2363 2469 L
2327 2433 mt 2327 2505 L
4789 2509 mt 4839 2559 L
4839 2509 mt 4789 2559 L
2302 2444 mt 2352 2494 L
2352 2444 mt 2302 2494 L
gr

gs 2254 2396 2634 212 rc
2291 2469 mt 2363 2469 L
2327 2433 mt 2327 2505 L
4778 2534 mt 4850 2534 L
4814 2498 mt 4814 2570 L
2302 2444 mt 2352 2494 L
2352 2444 mt 2302 2494 L
4789 2509 mt 4839 2559 L
4839 2509 mt 4789 2559 L
gr

gs 2254 2396 2634 212 rc
4778 2534 mt 4850 2534 L
4814 2498 mt 4814 2570 L
2291 2469 mt 2363 2469 L
2327 2433 mt 2327 2505 L
4789 2509 mt 4839 2559 L
4839 2509 mt 4789 2559 L
2302 2444 mt 2352 2494 L
2352 2444 mt 2302 2494 L
gr

gs 2254 2396 2634 212 rc
2291 2469 mt 2363 2469 L
2327 2433 mt 2327 2505 L
4778 2534 mt 4850 2534 L
4814 2498 mt 4814 2570 L
2302 2444 mt 2352 2494 L
2352 2444 mt 2302 2494 L
4789 2509 mt 4839 2559 L
4839 2509 mt 4789 2559 L
gr

gs 2254 2396 2634 212 rc
4778 2534 mt 4850 2534 L
4814 2498 mt 4814 2570 L
2291 2469 mt 2363 2469 L
2327 2433 mt 2327 2505 L
4789 2509 mt 4839 2559 L
4839 2509 mt 4789 2559 L
2302 2444 mt 2352 2494 L
2352 2444 mt 2302 2494 L
gr

gs 2254 2396 2634 212 rc
4778 2534 mt 4850 2534 L
4814 2498 mt 4814 2570 L
2291 2469 mt 2363 2469 L
2327 2433 mt 2327 2505 L
4789 2509 mt 4839 2559 L
4839 2509 mt 4789 2559 L
2302 2444 mt 2352 2494 L
2352 2444 mt 2302 2494 L
gr

gs 2254 2396 2634 212 rc
4778 2534 mt 4850 2534 L
4814 2498 mt 4814 2570 L
2291 2469 mt 2363 2469 L
2327 2433 mt 2327 2505 L
4789 2509 mt 4839 2559 L
4839 2509 mt 4789 2559 L
2302 2444 mt 2352 2494 L
2352 2444 mt 2302 2494 L
gr

gs 2254 2396 2634 212 rc
4778 2534 mt 4850 2534 L
4814 2498 mt 4814 2570 L
2291 2469 mt 2363 2469 L
2327 2433 mt 2327 2505 L
4789 2509 mt 4839 2559 L
4839 2509 mt 4789 2559 L
2302 2444 mt 2352 2494 L
2352 2444 mt 2302 2494 L
gr

gs 2254 2396 2634 212 rc
2291 2469 mt 2363 2469 L
2327 2433 mt 2327 2505 L
4778 2534 mt 4850 2534 L
4814 2498 mt 4814 2570 L
2302 2444 mt 2352 2494 L
2352 2444 mt 2302 2494 L
4789 2509 mt 4839 2559 L
4839 2509 mt 4789 2559 L
gr

gs 2254 2396 2634 212 rc
2291 2469 mt 2363 2469 L
2327 2433 mt 2327 2505 L
4778 2534 mt 4850 2534 L
4814 2498 mt 4814 2570 L
2302 2444 mt 2352 2494 L
2352 2444 mt 2302 2494 L
4789 2509 mt 4839 2559 L
4839 2509 mt 4789 2559 L
gr

gs 2254 2396 2634 212 rc
4778 2534 mt 4850 2534 L
4814 2498 mt 4814 2570 L
2291 2469 mt 2363 2469 L
2327 2433 mt 2327 2505 L
4789 2509 mt 4839 2559 L
4839 2509 mt 4789 2559 L
2302 2444 mt 2352 2494 L
2352 2444 mt 2302 2494 L
gr

gs 2254 2396 2634 212 rc
2291 2469 mt 2363 2469 L
2327 2433 mt 2327 2505 L
4778 2534 mt 4850 2534 L
4814 2498 mt 4814 2570 L
2302 2444 mt 2352 2494 L
2352 2444 mt 2302 2494 L
4789 2509 mt 4839 2559 L
4839 2509 mt 4789 2559 L
gr

gs 2254 2396 2634 212 rc
4778 2534 mt 4850 2534 L
4814 2498 mt 4814 2570 L
2291 2469 mt 2363 2469 L
2327 2433 mt 2327 2505 L
4789 2509 mt 4839 2559 L
4839 2509 mt 4789 2559 L
2302 2444 mt 2352 2494 L
2352 2444 mt 2302 2494 L
gr

gs 2254 2396 2634 212 rc
2291 2469 mt 2363 2469 L
2327 2433 mt 2327 2505 L
4778 2534 mt 4850 2534 L
4814 2498 mt 4814 2570 L
2302 2444 mt 2352 2494 L
2352 2444 mt 2302 2494 L
4789 2509 mt 4839 2559 L
4839 2509 mt 4789 2559 L
gr

gs 2254 2396 2634 212 rc
4778 2534 mt 4850 2534 L
4814 2498 mt 4814 2570 L
2291 2469 mt 2363 2469 L
2327 2433 mt 2327 2505 L
4789 2509 mt 4839 2559 L
4839 2509 mt 4789 2559 L
2302 2444 mt 2352 2494 L
2352 2444 mt 2302 2494 L
gr

gs 2254 2396 2634 212 rc
2291 2469 mt 2363 2469 L
2327 2433 mt 2327 2505 L
4778 2534 mt 4850 2534 L
4814 2498 mt 4814 2570 L
2302 2444 mt 2352 2494 L
2352 2444 mt 2302 2494 L
4789 2509 mt 4839 2559 L
4839 2509 mt 4789 2559 L
gr

gs 2254 2396 2634 212 rc
2291 2469 mt 2363 2469 L
2327 2433 mt 2327 2505 L
4778 2534 mt 4850 2534 L
4814 2498 mt 4814 2570 L
2302 2444 mt 2352 2494 L
2352 2444 mt 2302 2494 L
4789 2509 mt 4839 2559 L
4839 2509 mt 4789 2559 L
gr

gs 2254 2396 2634 212 rc
2291 2469 mt 2363 2469 L
2327 2433 mt 2327 2505 L
4778 2534 mt 4850 2534 L
4814 2498 mt 4814 2570 L
2302 2444 mt 2352 2494 L
2352 2444 mt 2302 2494 L
4789 2509 mt 4839 2559 L
4839 2509 mt 4789 2559 L
gr

gs 2254 2396 2634 212 rc
2291 2469 mt 2363 2469 L
2327 2433 mt 2327 2505 L
4778 2534 mt 4850 2534 L
4814 2498 mt 4814 2570 L
2302 2444 mt 2352 2494 L
2352 2444 mt 2302 2494 L
4789 2509 mt 4839 2559 L
4839 2509 mt 4789 2559 L
gr

gs 2254 2396 2634 212 rc
4778 2534 mt 4850 2534 L
4814 2498 mt 4814 2570 L
2291 2469 mt 2363 2469 L
2327 2433 mt 2327 2505 L
4789 2509 mt 4839 2559 L
4839 2509 mt 4789 2559 L
2302 2444 mt 2352 2494 L
2352 2444 mt 2302 2494 L
gr

gs 2254 2396 2634 212 rc
2291 2469 mt 2363 2469 L
2327 2433 mt 2327 2505 L
4778 2534 mt 4850 2534 L
4814 2498 mt 4814 2570 L
2302 2444 mt 2352 2494 L
2352 2444 mt 2302 2494 L
4789 2509 mt 4839 2559 L
4839 2509 mt 4789 2559 L
gr

gs 2254 2396 2634 212 rc
2291 2469 mt 2363 2469 L
2327 2433 mt 2327 2505 L
4778 2534 mt 4850 2534 L
4814 2498 mt 4814 2570 L
2302 2444 mt 2352 2494 L
2352 2444 mt 2302 2494 L
4789 2509 mt 4839 2559 L
4839 2509 mt 4789 2559 L
gr

gs 2254 2396 2634 212 rc
4778 2534 mt 4850 2534 L
4814 2498 mt 4814 2570 L
2291 2469 mt 2363 2469 L
2327 2433 mt 2327 2505 L
4789 2509 mt 4839 2559 L
4839 2509 mt 4789 2559 L
2302 2444 mt 2352 2494 L
2352 2444 mt 2302 2494 L
gr

gs 2254 2396 2634 212 rc
2291 2469 mt 2363 2469 L
2327 2433 mt 2327 2505 L
4778 2534 mt 4850 2534 L
4814 2498 mt 4814 2570 L
2302 2444 mt 2352 2494 L
2352 2444 mt 2302 2494 L
4789 2509 mt 4839 2559 L
4839 2509 mt 4789 2559 L
gr

gs 2254 2396 2634 212 rc
4778 2534 mt 4850 2534 L
4814 2498 mt 4814 2570 L
2291 2469 mt 2363 2469 L
2327 2433 mt 2327 2505 L
4789 2509 mt 4839 2559 L
4839 2509 mt 4789 2559 L
2302 2444 mt 2352 2494 L
2352 2444 mt 2302 2494 L
gr

gs 2254 2396 2634 212 rc
4778 2534 mt 4850 2534 L
4814 2498 mt 4814 2570 L
2291 2469 mt 2363 2469 L
2327 2433 mt 2327 2505 L
4789 2509 mt 4839 2559 L
4839 2509 mt 4789 2559 L
2302 2444 mt 2352 2494 L
2352 2444 mt 2302 2494 L
gr

gs 2254 2396 2634 212 rc
2291 2469 mt 2363 2469 L
2327 2433 mt 2327 2505 L
4778 2534 mt 4850 2534 L
4814 2498 mt 4814 2570 L
2302 2444 mt 2352 2494 L
2352 2444 mt 2302 2494 L
4789 2509 mt 4839 2559 L
4839 2509 mt 4789 2559 L
gr

gs 2254 2396 2634 212 rc
2291 2469 mt 2363 2469 L
2327 2433 mt 2327 2505 L
4778 2534 mt 4850 2534 L
4814 2498 mt 4814 2570 L
2302 2444 mt 2352 2494 L
2352 2444 mt 2302 2494 L
4789 2509 mt 4839 2559 L
4839 2509 mt 4789 2559 L
gr

gs 2254 2396 2634 212 rc
4778 2534 mt 4850 2534 L
4814 2498 mt 4814 2570 L
2291 2469 mt 2363 2469 L
2327 2433 mt 2327 2505 L
4789 2509 mt 4839 2559 L
4839 2509 mt 4789 2559 L
2302 2444 mt 2352 2494 L
2352 2444 mt 2302 2494 L
gr

gs 2254 2396 2634 212 rc
4778 2534 mt 4850 2534 L
4814 2498 mt 4814 2570 L
2291 2469 mt 2363 2469 L
2327 2433 mt 2327 2505 L
4789 2509 mt 4839 2559 L
4839 2509 mt 4789 2559 L
2302 2444 mt 2352 2494 L
2352 2444 mt 2302 2494 L
gr

gs 2254 2396 2634 212 rc
2291 2469 mt 2363 2469 L
2327 2433 mt 2327 2505 L
4778 2534 mt 4850 2534 L
4814 2498 mt 4814 2570 L
2302 2444 mt 2352 2494 L
2352 2444 mt 2302 2494 L
4789 2509 mt 4839 2559 L
4839 2509 mt 4789 2559 L
gr

gs 2254 2396 2634 212 rc
4778 2534 mt 4850 2534 L
4814 2498 mt 4814 2570 L
2291 2469 mt 2363 2469 L
2327 2433 mt 2327 2505 L
4789 2509 mt 4839 2559 L
4839 2509 mt 4789 2559 L
2302 2444 mt 2352 2494 L
2352 2444 mt 2302 2494 L
gr

gs 2254 2396 2634 212 rc
2291 2469 mt 2363 2469 L
2327 2433 mt 2327 2505 L
4778 2534 mt 4850 2534 L
4814 2498 mt 4814 2570 L
2302 2444 mt 2352 2494 L
2352 2444 mt 2302 2494 L
4789 2509 mt 4839 2559 L
4839 2509 mt 4789 2559 L
gr

gs 2254 2396 2634 212 rc
4778 2534 mt 4850 2534 L
4814 2498 mt 4814 2570 L
2291 2469 mt 2363 2469 L
2327 2433 mt 2327 2505 L
4789 2509 mt 4839 2559 L
4839 2509 mt 4789 2559 L
2302 2444 mt 2352 2494 L
2352 2444 mt 2302 2494 L
gr

gs 2254 2396 2634 212 rc
4778 2534 mt 4850 2534 L
4814 2498 mt 4814 2570 L
2291 2469 mt 2363 2469 L
2327 2433 mt 2327 2505 L
4789 2509 mt 4839 2559 L
4839 2509 mt 4789 2559 L
2302 2444 mt 2352 2494 L
2352 2444 mt 2302 2494 L
gr

gs 2254 2396 2634 212 rc
2291 2469 mt 2363 2469 L
2327 2433 mt 2327 2505 L
4778 2534 mt 4850 2534 L
4814 2498 mt 4814 2570 L
2302 2444 mt 2352 2494 L
2352 2444 mt 2302 2494 L
4789 2509 mt 4839 2559 L
4839 2509 mt 4789 2559 L
gr

gs 2254 2396 2634 212 rc
4778 2534 mt 4850 2534 L
4814 2498 mt 4814 2570 L
2291 2469 mt 2363 2469 L
2327 2433 mt 2327 2505 L
4789 2509 mt 4839 2559 L
4839 2509 mt 4789 2559 L
2302 2444 mt 2352 2494 L
2352 2444 mt 2302 2494 L
gr

gs 2254 2396 2634 212 rc
2291 2469 mt 2363 2469 L
2327 2433 mt 2327 2505 L
4778 2534 mt 4850 2534 L
4814 2498 mt 4814 2570 L
2302 2444 mt 2352 2494 L
2352 2444 mt 2302 2494 L
4789 2509 mt 4839 2559 L
4839 2509 mt 4789 2559 L
gr

gs 2254 2396 2634 212 rc
4778 2534 mt 4850 2534 L
4814 2498 mt 4814 2570 L
2291 2469 mt 2363 2469 L
2327 2433 mt 2327 2505 L
4789 2509 mt 4839 2559 L
4839 2509 mt 4789 2559 L
2302 2444 mt 2352 2494 L
2352 2444 mt 2302 2494 L
gr

gs 2254 2396 2634 212 rc
4778 2534 mt 4850 2534 L
4814 2498 mt 4814 2570 L
2291 2469 mt 2363 2469 L
2327 2433 mt 2327 2505 L
4789 2509 mt 4839 2559 L
4839 2509 mt 4789 2559 L
2302 2444 mt 2352 2494 L
2352 2444 mt 2302 2494 L
gr

gs 2254 2396 2634 212 rc
2291 2469 mt 2363 2469 L
2327 2433 mt 2327 2505 L
4778 2534 mt 4850 2534 L
4814 2498 mt 4814 2570 L
2302 2444 mt 2352 2494 L
2352 2444 mt 2302 2494 L
4789 2509 mt 4839 2559 L
4839 2509 mt 4789 2559 L
gr

gs 2254 2396 2634 212 rc
4778 2534 mt 4850 2534 L
4814 2498 mt 4814 2570 L
2291 2469 mt 2363 2469 L
2327 2433 mt 2327 2505 L
4789 2509 mt 4839 2559 L
4839 2509 mt 4789 2559 L
2302 2444 mt 2352 2494 L
2352 2444 mt 2302 2494 L
gr

gs 2254 2396 2634 212 rc
4778 2534 mt 4850 2534 L
4814 2498 mt 4814 2570 L
2291 2469 mt 2363 2469 L
2327 2433 mt 2327 2505 L
4789 2509 mt 4839 2559 L
4839 2509 mt 4789 2559 L
2302 2444 mt 2352 2494 L
2352 2444 mt 2302 2494 L
gr

gs 2254 2396 2634 212 rc
4778 2534 mt 4850 2534 L
4814 2498 mt 4814 2570 L
2291 2469 mt 2363 2469 L
2327 2433 mt 2327 2505 L
4789 2509 mt 4839 2559 L
4839 2509 mt 4789 2559 L
2302 2444 mt 2352 2494 L
2352 2444 mt 2302 2494 L
gr

gs 2254 2396 2634 212 rc
2291 2469 mt 2363 2469 L
2327 2433 mt 2327 2505 L
4778 2534 mt 4850 2534 L
4814 2498 mt 4814 2570 L
2302 2444 mt 2352 2494 L
2352 2444 mt 2302 2494 L
4789 2509 mt 4839 2559 L
4839 2509 mt 4789 2559 L
gr

gs 2254 2396 2634 212 rc
2291 2469 mt 2363 2469 L
2327 2433 mt 2327 2505 L
4778 2534 mt 4850 2534 L
4814 2498 mt 4814 2570 L
2302 2444 mt 2352 2494 L
2352 2444 mt 2302 2494 L
4789 2509 mt 4839 2559 L
4839 2509 mt 4789 2559 L
gr

gs 2254 2396 2634 212 rc
2291 2469 mt 2363 2469 L
2327 2433 mt 2327 2505 L
4778 2534 mt 4850 2534 L
4814 2498 mt 4814 2570 L
2302 2444 mt 2352 2494 L
2352 2444 mt 2302 2494 L
4789 2509 mt 4839 2559 L
4839 2509 mt 4789 2559 L
gr

gs 2254 2396 2634 212 rc
2291 2469 mt 2363 2469 L
2327 2433 mt 2327 2505 L
4778 2534 mt 4850 2534 L
4814 2498 mt 4814 2570 L
2302 2444 mt 2352 2494 L
2352 2444 mt 2302 2494 L
4789 2509 mt 4839 2559 L
4839 2509 mt 4789 2559 L
gr

gs 2254 2396 2634 212 rc
4778 2534 mt 4850 2534 L
4814 2498 mt 4814 2570 L
2291 2469 mt 2363 2469 L
2327 2433 mt 2327 2505 L
4789 2509 mt 4839 2559 L
4839 2509 mt 4789 2559 L
2302 2444 mt 2352 2494 L
2352 2444 mt 2302 2494 L
gr

gs 2987 2039 1400 810 rc
3024 2775 mt 3096 2775 L
3060 2739 mt 3060 2811 L
4277 2112 mt 4349 2112 L
4313 2076 mt 4313 2148 L
3035 2750 mt 3085 2800 L
3085 2750 mt 3035 2800 L
4288 2087 mt 4338 2137 L
4338 2087 mt 4288 2137 L
gr

gs 2254 2396 2634 212 rc
2291 2469 mt 2363 2469 L
2327 2433 mt 2327 2505 L
4778 2534 mt 4850 2534 L
4814 2498 mt 4814 2570 L
2302 2444 mt 2352 2494 L
2352 2444 mt 2302 2494 L
4789 2509 mt 4839 2559 L
4839 2509 mt 4789 2559 L
gr

gs 2254 2396 2634 212 rc
